72
92 20
66 63 12
06 13 76 36
96 86 26 21 78
32 93 05 28 58 45
91 51 83 66 54 27 37
78 39 85 50 32 05 17 94
17 23 07 92 59 04 79 84 25
57 17 18 62 44 75 07 35 27 89
02 80 17 38 58 56 23 09 87 27 26
82 43 48 89 36 07 92 16 91 17 73 08
34 35 51 10 42 86 37 32 87 17 49 25 75
05 48 84 91 75 10 73 18 57 62 54 64 55 69
55 71 43 63 06 77 14 16 20 01 52 51 87 69 99
13 45 05 60 29 95 35 38 69 53 95 32 08 60 86 77
15 58 20 78 63 97 91 78 17 91 30 68 79 99 68 92 44
72 52 73 67 87 11 37 41 07 68 49 66 55 26 81 13 46 59
75 43 51 54 60 43 84 29 22 83 96 14 28 68 66 01 36 54 12
72 95 18 41 44 84 95 69 65 09 16 25 84 58 75 38 19 19 22 47
41 06 43 54 33 12 21 34 47 75 45 19 70 63 59 14 47 55 83 13 63
98 37 47 57 13 85 75 31 08 23 72 13 66 27 46 77 47 79 24 22 25 43
92 87 02 06 35 57 89 47 21 87 84 68 45 97 53 20 29 60 43 01 73 09 27
19 85 74 98 10 96 24 52 88 12 54 94 46 11 83 92 32 71 77 99 16 74 52 36
03 13 79 04 85 87 30 05 73 04 04 82 99 27 34 88 38 87 82 83 98 66 76 30 38
54 29 54 28 80 90 31 93 69 34 78 56 64 82 30 67 86 12 67 13 45 56 51 33 39 35
31 06 11 60 43 64 88 97 92 69 87 24 62 56 58 40 13 22 23 42 89 09 53 57 22 98 13
72 31 51 07 61 56 18 21 99 82 09 96 75 78 83 98 40 40 56 80 52 78 04 93 67 13 47 24
34 45 37 07 76 87 14 37 44 31 58 44 14 67 40 88 45 24 87 84 63 44 64 15 22 68 09 88 80
56 13 15 02 49 21 77 37 34 15 81 65 72 25 78 39 65 67 83 88 54 68 51 97 33 66 19 01 75 08
80 32 21 94 34 70 16 11 07 49 26 88 14 98 14 92 38 78 59 22 66 13 89 18 11 22 84 29 23 60 37
03 91 57 97 25 27 13 36 34 62 62 22 76 60 36 68 97 14 28 19 80 40 09 98 50 30 82 79 53 42 16 56
34 73 53 58 99 66 93 33 29 55 55 05 16 90 73 13 05 01 32 84 41 40 82 90 70 65 70 23 07 86 78 40 59
32 98 59 97 92 91 26 48 47 31 63 38 04 76 42 04 09 26 44 48 09 35 19 73 06 41 80 91 19 21 51 51 19 10
48 11 02 74 58 48 05 22 85 09 98 27 13 07 53 57 54 62 92 72 35 97 14 16 89 33 36 40 83 54 50 31 65 51 06
24 99 11 45 84 20 43 12 32 49 65 88 04 27 80 76 61 78 89 77 67 22 13 08 05 66 57 36 31 09 41 54 08 52 99 91
71 43 04 03 92 68 91 95 94 72 71 56 50 60 33 18 81 45 25 86 12 82 22 43 90 62 97 97 15 97 89 85 40 92 87 32 61
79 27 55 51 98 12 01 58 45 18 40 90 43 26 02 25 48 44 15 11 42 13 25 39 02 10 78 94 97 11 55 76 37 11 27 36 22 28
94 67 45 34 57 88 60 58 13 09 03 28 19 44 41 43 83 42 52 61 37 50 72 91 26 09 03 53 44 25 80 39 91 25 73 48 13 34 07
26 42 09 54 60 53 94 04 36 37 56 97 73 06 69 65 31 78 68 83 23 92 63 61 83 88 34 31 02 67 37 28 10 46 81 69 99 76 72 36
14 29 33 87 34 03 53 65 81 21 49 05 13 13 66 95 01 99 27 03 67 64 30 76 11 12 46 10 88 19 45 02 47 78 88 80 81 41 46 62 62
94 66 74 07 32 70 08 32 97 10 99 61 40 76 72 52 22 81 40 41 26 42 87 05 31 68 85 72 14 47 34 09 14 08 15 46 78 22 78 75 32 78
37 71 54 09 24 76 89 64 17 16 06 05 20 37 73 05 09 87 52 43 95 66 51 10 13 29 32 91 05 63 69 41 35 24 49 58 01 39 23 18 54 28 22
74 65 95 79 74 82 31 17 78 97 67 88 11 95 20 02 01 83 71 41 18 94 90 76 94 29 98 12 83 27 34 57 92 30 36 66 12 67 82 90 65 49 78 75
45 97 76 45 80 48 86 98 42 76 75 37 05 74 49 87 01 83 45 92 13 80 58 25 48 41 15 13 89 92 87 35 89 64 80 70 13 66 69 55 42 44 91 46 18
41 34 19 24 78 12 36 59 70 60 08 11 74 20 01 66 08 35 56 72 15 27 84 80 96 39 22 41 31 68 59 72 03 77 95 80 89 32 40 59 91 47 70 66 67 70
33 75 06 89 48 20 17 33 01 13 72 23 53 04 91 12 75 93 89 70 73 79 02 14 39 93 61 09 59 29 79 91 04 84 81 52 05 97 84 05 10 57 28 63 60 19 75
35 12 65 06 85 44 07 98 82 99 60 90 59 88 70 51 92 54 32 44 58 29 29 63 39 85 90 02 45 10 77 80 21 42 85 06 85 92 05 68 92 64 59 51 52 29 03 44
82 34 88 41 63 17 04 02 03 94 04 47 04 80 28 25 22 13 31 08 05 35 75 96 99 34 48 52 62 50 96 45 84 84 85 48 02 89 49 04 83 53 51 87 34 78 12 56 91
42 63 96 77 39 93 77 72 42 29 35 91 25 80 76 10 65 24 11 54 73 15 37 27 66 25 60 44 36 16 36 78 78 32 55 17 26 32 89 67 61 25 58 85 05 35 95 69 59 07
24 32 21 61 58 86 85 19 31 21 34 67 98 13 98 54 30 24 86 20 90 47 44 49 33 48 84 28 18 43 34 41 75 55 02 33 42 87 52 72 08 85 39 07 98 38 61 28 62 47 47
53 93 90 03 26 39 86 54 56 30 87 97 05 43 99 38 84 86 89 57 94 75 96 01 73 35 62 01 96 09 47 50 02 38 52 28 76 39 81 33 68 69 31 73 12 30 11 96 16 99 53 11
75 50 12 48 84 73 48 81 81 95 32 83 33 83 11 10 23 91 43 91 60 73 64 72 03 74 68 19 74 22 29 49 71 41 96 56 14 45 38 94 40 69 78 73 53 88 83 75 79 27 66 40 99
30 12 03 05 79 22 79 02 51 28 72 91 25 29 06 70 67 01 11 36 78 84 89 66 67 64 46 94 31 85 93 61 97 96 66 77 18 45 78 69 73 51 61 98 79 66 68 46 66 78 82 44 62 71
11 30 36 56 24 67 42 18 28 39 14 93 17 32 39 94 02 12 45 62 10 25 28 78 70 93 56 53 38 19 24 48 48 60 05 72 27 46 89 55 85 04 48 02 36 86 95 37 98 41 98 09 65 27 86
36 21 43 88 58 61 13 07 10 72 11 82 99 56 71 54 42 75 03 43 11 88 39 47 87 79 46 95 45 73 81 80 93 25 69 52 86 81 58 95 54 68 77 53 25 49 08 66 24 10 10 35 98 48 81 85
28 28 81 73 01 63 54 94 87 23 46 73 05 04 69 59 72 47 13 97 95 20 63 20 29 73 54 28 22 36 13 50 64 94 23 65 57 76 59 45 99 05 18 05 09 86 63 80 34 75 78 29 95 42 49 25 15
03 52 36 39 65 85 03 59 08 67 17 84 26 61 84 31 78 88 39 65 51 20 98 27 97 28 23 39 76 47 54 79 99 89 19 64 74 21 24 82 88 40 67 15 01 51 45 79 39 84 44 90 05 43 18 03 71 40
42 48 86 95 27 85 85 46 50 60 66 73 42 55 13 09 69 14 60 15 92 98 99 37 88 05 80 06 07 51 45 49 98 32 44 26 18 30 71 67 89 38 41 32 93 54 40 63 67 99 78 60 98 77 96 87 81 77 92
88 29 38 37 28 70 81 53 88 12 25 56 01 63 96 32 57 50 72 20 18 72 97 77 70 75 74 58 57 52 51 46 80 88 83 08 59 65 61 47 76 86 03 76 50 99 09 07 50 80 26 67 53 24 45 24 99 20 81 57
72 32 03 52 21 85 59 79 50 21 27 26 07 29 03 56 28 11 63 78 91 89 45 44 13 90 68 13 11 49 69 82 80 71 34 01 57 93 80 08 14 07 34 21 36 36 77 64 47 40 42 39 29 87 83 41 77 51 54 87 99
23 70 80 94 04 81 51 97 62 59 12 69 92 32 05 29 09 68 76 48 11 15 76 97 98 18 75 49 72 62 49 94 33 30 89 37 11 41 34 73 99 45 42 91 77 46 20 85 15 95 34 25 11 11 22 09 29 96 57 01 59 07
95 92 36 84 29 47 25 62 20 24 08 61 16 84 08 36 70 22 32 05 47 42 15 69 51 44 66 09 45 26 15 40 18 51 25 46 97 50 08 18 73 16 79 89 99 86 25 70 09 56 74 55 98 89 24 49 33 90 57 78 16 71 19
33 22 43 78 20 92 86 37 66 02 16 55 02 02 80 71 11 36 46 65 34 35 89 82 68 79 40 46 95 11 64 28 33 08 06 52 99 92 88 66 94 05 21 95 06 02 67 17 37 13 81 71 47 71 54 16 51 93 61 46 05 26 73 37
33 79 88 33 72 77 98 66 81 20 61 87 21 29 04 58 41 85 30 88 57 83 04 08 77 65 54 81 91 27 18 25 07 07 57 78 83 56 45 65 76 07 53 96 35 57 55 75 42 84 63 99 68 67 07 45 32 60 26 24 87 44 48 93 50
06 72 34 61 17 99 38 24 52 35 58 09 89 34 51 74 96 50 42 64 57 86 96 18 13 20 05 56 67 98 07 73 71 40 35 88 40 72 12 91 07 69 01 96 03 52 70 99 03 12 63 59 97 60 77 10 79 81 66 47 79 72 21 51 13 55
39 52 27 50 44 34 19 45 30 22 97 99 21 99 11 84 59 09 45 36 19 24 18 84 71 97 57 91 48 69 46 86 22 73 37 66 07 56 11 36 77 08 35 98 08 46 83 67 54 28 03 72 52 20 57 23 18 15 15 65 83 61 52 06 34 88 71
40 44 82 76 22 89 12 20 97 57 04 64 12 31 67 83 82 87 41 06 05 55 21 69 39 81 21 45 15 10 16 55 53 98 32 74 87 43 94 85 99 97 49 12 29 16 95 11 03 36 17 08 91 37 76 31 18 97 75 33 07 91 88 59 89 20 34 77
63 29 62 62 26 12 74 54 28 69 65 31 05 82 38 96 19 14 27 37 11 02 70 18 92 58 77 82 78 11 59 41 39 21 04 65 32 77 20 60 46 85 90 51 67 28 47 86 41 73 24 52 75 93 70 68 52 47 50 30 57 09 70 96 30 74 61 61 51
80 21 96 65 12 47 33 39 94 19 80 67 42 32 43 36 02 11 87 49 60 18 06 68 87 03 97 62 63 59 13 44 80 10 10 91 57 42 30 51 61 10 19 04 42 61 39 44 71 27 92 31 44 98 99 32 01 96 93 64 56 07 08 36 16 18 27 72 60 57
24 21 67 42 25 10 04 64 53 74 90 46 06 35 45 05 67 45 02 61 09 57 67 17 92 83 35 20 55 94 77 79 16 44 22 40 53 25 05 07 99 95 52 05 30 96 10 97 42 11 58 51 67 25 68 60 08 03 80 63 96 57 43 13 01 64 52 54 89 56 60
88 51 13 93 81 10 03 78 51 14 37 03 81 61 70 41 69 72 21 33 69 78 75 81 78 40 34 32 29 89 92 17 41 05 11 23 14 13 01 65 27 38 67 08 98 37 49 68 10 70 02 78 48 76 60 26 16 93 58 45 83 51 62 25 55 72 47 68 85 48 33 12
85 01 19 84 37 67 53 46 38 54 25 85 31 85 12 46 79 70 91 63 21 53 87 75 25 35 44 10 82 77 21 68 77 40 53 14 08 06 60 45 59 85 30 89 71 42 36 50 12 28 13 32 80 01 07 05 35 51 15 18 28 36 85 05 75 38 19 83 44 79 28 03 64
58 92 36 99 29 85 12 56 98 43 36 98 50 41 33 01 55 50 28 91 36 33 66 74 51 50 18 30 77 21 94 36 14 30 36 42 16 47 98 15 89 34 13 39 75 46 40 31 96 67 22 32 01 88 07 51 38 24 81 16 45 76 51 58 07 86 99 23 33 97 37 23 32 49
61 08 95 02 38 91 69 60 24 69 48 30 21 86 54 03 02 98 78 52 56 85 39 56 08 71 54 44 93 86 93 55 94 89 56 32 80 25 92 05 94 41 35 15 27 89 17 28 87 95 79 44 80 19 01 87 89 55 32 83 41 26 39 35 15 95 67 95 21 60 99 15 01 35 29
27 24 46 54 12 41 34 56 22 52 56 10 42 11 41 26 52 67 64 87 81 60 55 76 80 15 76 94 15 11 24 42 35 70 96 46 12 31 02 33 82 58 43 25 69 84 50 21 51 15 08 32 74 63 09 54 77 85 49 92 95 73 34 31 43 30 76 54 60 78 87 43 36 30 68 05
14 19 26 64 33 34 96 08 96 06 62 73 90 11 65 86 83 99 17 26 29 92 80 89 71 67 33 07 97 01 12 12 19 37 75 52 70 72 59 66 77 21 39 68 31 05 54 15 04 70 41 33 63 21 23 35 88 55 41 85 56 53 96 74 89 72 26 59 45 85 26 23 06 65 90 37 69
45 52 73 16 92 07 79 13 30 14 02 84 54 87 41 08 83 15 96 56 41 56 02 27 81 24 33 46 15 69 16 59 21 89 74 13 95 53 26 26 66 27 10 21 14 51 28 97 65 25 54 07 80 55 34 61 79 66 08 93 35 23 52 56 12 26 69 08 79 95 33 46 23 43 66 37 93 94
35 59 19 88 66 98 44 99 60 23 65 68 16 01 90 68 57 03 94 27 11 73 23 44 19 45 87 85 82 81 79 17 40 98 06 07 97 49 07 57 72 71 25 88 72 16 56 30 19 50 56 29 24 78 73 43 24 60 28 06 41 08 22 81 06 28 87 03 77 93 60 49 65 85 38 38 02 94 67
20 44 24 49 68 03 22 11 27 82 39 32 24 46 54 05 51 81 92 54 59 86 14 09 51 99 46 89 01 40 57 20 84 81 69 52 84 90 63 11 73 02 43 96 48 96 02 99 78 93 53 37 79 67 45 31 66 91 21 66 31 77 86 16 59 55 68 43 46 32 53 19 33 95 16 81 92 17 80 71
11 33 09 90 99 54 22 66 45 42 33 76 20 19 91 79 73 60 22 20 91 75 39 25 71 55 06 63 71 85 35 82 19 43 73 19 96 94 84 42 37 17 19 57 36 10 36 10 70 57 29 61 33 68 85 04 23 91 67 94 77 02 77 95 45 50 15 41 44 99 83 81 17 02 38 52 12 74 61 81 31
90 43 64 59 29 67 81 20 34 75 96 36 52 92 80 03 07 22 46 06 05 28 22 07 65 73 18 40 35 99 70 26 42 35 84 70 02 66 89 36 42 86 71 94 78 51 96 85 72 43 90 77 70 13 83 36 86 02 75 22 01 46 47 42 80 32 13 81 97 03 18 40 88 88 34 67 40 30 52 12 73 42
89 43 54 73 78 41 74 54 62 75 99 09 18 80 41 30 62 39 32 79 78 21 67 13 87 07 43 39 19 16 81 09 58 36 81 37 76 56 91 38 32 90 47 49 71 88 79 33 27 11 12 06 32 79 18 19 86 60 58 06 75 39 14 34 75 95 70 52 51 61 90 82 52 37 32 24 25 11 56 52 22 68 57
53 47 74 71 34 35 30 39 10 68 52 44 44 48 15 95 98 76 86 81 28 23 14 52 48 24 08 01 45 76 57 98 23 32 70 57 67 99 95 77 67 48 21 12 95 35 08 94 11 93 76 39 17 89 90 65 14 98 65 59 74 23 57 97 55 27 54 22 26 50 99 93 97 20 06 93 54 13 87 65 07 64 04 23
53 94 88 67 92 54 26 66 76 83 63 32 10 18 54 36 67 53 29 64 72 35 58 27 47 46 91 53 10 95 76 63 89 64 30 81 18 56 48 94 39 12 26 48 29 80 84 95 33 14 60 05 48 18 32 94 63 23 48 73 19 25 36 08 88 65 89 07 21 38 01 60 49 27 09 77 07 92 72 40 06 33 44 53 50
76 48 14 99 95 86 18 20 22 26 09 87 16 15 09 53 16 68 03 43 76 79 50 68 52 89 73 84 34 27 35 10 74 48 09 69 34 26 89 55 52 97 42 67 13 51 21 28 19 23 71 94 03 21 63 54 10 36 39 43 63 73 52 37 21 61 06 54 86 94 10 38 92 52 06 05 03 26 32 22 48 04 16 50 24 78
05 33 15 43 76 77 17 29 14 37 89 20 91 76 15 02 14 07 54 19 11 56 44 43 77 92 46 93 43 70 72 47 04 87 90 79 64 07 09 78 44 97 98 35 73 14 37 87 20 90 07 31 47 51 74 24 43 21 18 85 90 89 33 93 77 23 73 42 30 81 20 73 79 19 09 52 32 45 40 52 36 46 82 82 96 57 06
40 77 24 26 68 14 59 61 90 81 35 32 12 17 52 84 95 70 93 48 03 39 87 54 74 34 37 56 31 93 62 70 71 85 96 39 98 55 01 89 37 35 22 48 51 73 33 47 44 26 94 46 65 82 01 39 17 38 94 47 31 56 18 02 42 15 41 41 69 41 30 06 76 51 54 27 25 87 74 68 14 69 15 78 51 16 17 67
53 12 15 84 67 33 86 10 47 27 50 16 67 80 22 44 32 76 70 56 63 45 25 76 14 40 54 64 55 71 32 09 82 47 92 49 79 79 58 27 06 09 42 73 88 64 17 20 41 87 76 04 32 01 80 45 40 34 10 95 05 42 04 87 88 96 36 68 75 94 94 81 04 37 54 92 02 71 12 42 59 87 46 91 88 26 36 28 60
46 24 65 87 27 52 76 24 88 45 98 82 39 80 86 76 35 78 77 06 89 20 65 77 65 56 66 90 92 94 50 38 18 15 26 45 67 03 68 55 47 67 37 86 47 24 62 82 02 40 87 91 59 53 69 24 09 35 15 01 29 65 38 47 80 64 91 47 66 60 02 13 28 39 98 75 62 61 57 63 02 45 55 60 97 24 84 06 58 98
06 87 63 44 34 44 08 26 90 74 86 91 86 14 30 85 88 91 47 46 55 48 90 10 08 87 33 92 93 91 90 99 79 54 44 14 98 51 39 88 25 25 79 12 39 09 97 27 01 44 73 56 91 63 65 99 51 98 91 44 90 82 43 69 37 86 82 35 38 22 23 63 46 03 75 84 12 72 12 12 16 84 67 08 48 33 07 98 32 97 42
22 80 85 90 17 72 73 52 10 94 74 73 41 76 48 26 87 20 37 99 36 22 67 43 70 01 49 68 32 47 11 53 27 95 44 44 67 17 95 77 11 69 51 52 46 98 77 34 18 14 34 53 36 01 95 07 01 45 74 33 91 85 85 19 81 30 62 49 47 57 26 58 27 76 10 73 75 86 07 93 01 41 47 37 41 42 43 42 87 18 74 79
03 60 97 83 90 59 32 37 17 58 94 44 35 05 17 10 90 24 04 90 64 50 27 06 92 70 48 79 87 23 58 90 83 55 74 73 15 06 11 31 64 05 74 99 10 91 10 99 16 13 90 79 62 18 85 54 87 33 34 74 55 91 65 38 47 39 12 61 45 22 92 09 27 67 09 36 59 18 35 74 31 26 53 92 43 39 47 30 71 80 05 27 72
69 65 20 09 76 80 53 97 73 62 24 40 70 59 98 88 94 73 19 21 27 12 63 65 59 92 36 40 97 63 12 67 28 31 75 04 12 28 02 85 89 25 26 60 84 25 48 79 97 67 99 24 78 62 88 38 55 25 77 53 87 89 20 16 21 94 19 32 23 21 18 13 45 43 72 30 67 20 10 64 86 09 87 65 71 76 03 27 01 79 80 88 69 99
04 89 94 23 22 18 43 39 30 88 81 02 19 48 21 28 13 08 37 01 72 09 76 75 36 77 55 16 65 24 15 69 13 10 92 35 27 36 73 56 25 54 58 43 03 79 71 16 86 08 16 59 17 92 34 52 69 88 67 35 13 82 04 25 92 96 60 20 32 33 76 56 87 34 99 90 13 70 06 98 78 22 58 94 14 91 46 82 80 14 17 92 96 21 18
88 18 77 08 49 11 83 06 97 17 06 87 30 76 93 28 54 15 85 48 28 77 94 11 57 09 28 50 05 48 67 93 66 45 01 16 55 84 21 53 02 27 40 31 03 34 59 56 48 45 05 76 22 99 87 79 09 15 29 14 63 96 07 29 42 08 44 96 91 65 49 92 92 89 24 94 24 82 51 72 27 56 48 49 56 36 28 64 50 57 77 14 54 84 43 95
91 86 92 82 52 42 75 44 32 99 39 55 81 89 27 09 46 74 58 02 11 86 66 61 44 44 74 97 28 17 93 19 04 86 02 55 28 77 99 59 76 38 14 58 28 40 67 74 15 25 76 25 11 43 85 54 86 60 52 15 76 45 33 80 32 35 36 59 12 35 18 88 73 32 47 02 71 14 76 86 39 52 11 49 95 96 04 81 56 56 95 33 02 29 13 33 64
48 91 76 83 10 64 57 41 11 59 13 25 35 98 63 87 10 13 82 06 16 64 62 71 59 94 73 88 08 06 52 56 96 28 40 07 92 96 47 03 55 60 28 90 58 90 77 68 03 60 73 19 24 36 90 83 31 63 71 38 68 23 94 65 51 34 71 43 30 19 46 85 78 73 76 36 64 53 05 66 14 78 85 37 14 76 20 44 39 91 82 08 15 76 72 65 10 44
08 40 62 54 26 40 27 02 76 90 55 80 57 68 58 43 06 71 19 26 16 58 17 98 65 32 75 38 96 85 81 05 25 44 58 51 83 85 52 59 76 07 40 34 75 97 76 81 69 95 07 85 53 24 83 19 55 58 57 51 43 38 56 68 82 15 19 65 01 71 25 76 78 64 10 54 62 86 35 32 81 41 17 35 64 01 53 20 59 10 71 03 48 27 71 30 42 90 95
42 61 20 18 40 84 28 93 47 15 28 78 95 69 95 31 34 96 84 53 56 94 24 58 43 51 30 72 92 20 68 34 81 88 52 21 73 80 14 20 94 41 98 90 10 93 21 44 90 05 96 46 98 21 04 41 71 33 14 64 53 82 97 34 70 50 54 43 30 67 63 24 09 61 14 19 55 35 62 45 39 59 90 38 79 94 79 50 28 93 14 81 75 12 15 46 61 68 89 91
36 52 16 45 14 30 63 69 64 26 14 04 84 05 41 63 99 21 13 28 14 27 09 88 39 23 35 01 91 24 91 28 76 07 72 89 37 36 58 01 61 72 04 45 77 45 08 76 65 21 05 79 48 13 68 86 36 03 86 27 27 77 55 03 84 27 92 21 62 51 22 23 24 25 68 01 70 75 77 36 96 81 15 44 94 82 30 30 85 16 57 12 93 12 15 78 38 07 99 01 57
21 23 80 46 91 81 16 66 59 51 63 40 66 07 35 49 37 64 34 53 21 46 47 33 60 25 70 67 24 71 24 45 93 05 90 85 86 06 51 45 57 15 85 23 22 20 72 58 84 06 12 06 52 58 38 12 83 09 78 08 79 03 52 73 08 43 58 94 49 10 39 06 24 25 29 45 44 01 04 28 07 15 33 58 73 70 70 57 78 49 64 58 52 17 31 60 60 88 54 09 97 92
14 21 17 43 66 61 43 69 89 50 84 22 08 57 92 78 14 71 27 78 29 79 95 60 39 55 48 92 63 46 85 77 67 03 20 33 63 63 02 52 13 85 74 21 43 67 99 57 38 26 35 67 06 31 27 44 85 75 36 49 21 21 27 87 23 46 21 86 10 22 38 23 08 13 44 51 79 43 08 18 69 42 85 74 73 12 18 59 87 54 08 09 74 34 95 97 80 16 83 90 38 22 13
46 34 56 96 14 99 05 31 68 47 16 42 20 28 60 78 16 14 86 24 88 21 20 86 02 35 69 91 73 91 05 20 26 61 17 40 60 21 70 28 67 86 70 86 15 30 64 30 44 50 53 32 71 72 18 72 08 87 63 81 79 67 01 06 29 17 45 88 37 15 17 05 02 87 90 16 18 55 45 61 06 97 93 76 70 12 48 77 98 12 58 78 79 58 83 08 75 28 96 13 42 14 17 44
01 08 59 18 62 04 79 67 02 72 44 71 83 91 48 82 03 07 60 81 64 43 89 40 70 85 52 13 98 68 56 99 76 16 18 38 19 96 06 21 69 49 91 52 41 40 35 44 46 94 26 11 38 15 50 09 01 03 22 98 71 77 98 47 92 16 84 12 13 89 32 81 39 24 34 80 63 68 24 10 63 50 20 02 64 69 10 64 71 31 63 42 09 62 88 02 77 73 14 89 63 46 70 03 69
05 82 33 72 07 42 36 56 61 37 21 31 47 85 03 78 49 45 87 11 33 88 87 07 03 76 69 48 47 71 18 51 54 50 24 60 92 60 17 54 96 37 84 44 22 87 22 70 32 09 80 65 97 68 71 99 45 41 47 92 12 65 43 66 15 67 26 08 27 43 61 24 79 46 67 02 33 89 72 64 97 52 29 95 21 01 94 65 41 42 57 53 07 01 19 22 68 45 30 95 87 90 19 67 36 86
68 69 76 40 34 74 92 63 69 13 63 63 78 05 06 35 58 13 36 77 35 04 22 64 98 10 54 18 76 90 05 45 60 80 85 93 54 77 56 24 90 20 87 68 24 92 04 81 05 39 58 39 42 80 03 41 89 57 58 66 48 63 12 08 43 96 02 97 73 57 21 64 76 08 32 01 99 35 81 05 73 40 44 16 20 47 57 10 05 16 76 52 78 87 60 21 83 61 19 57 19 39 21 95 46 53 95
46 87 77 51 61 18 95 77 38 42 34 48 46 49 24 98 27 12 59 48 95 21 66 52 39 06 73 35 52 26 31 98 14 09 49 74 26 44 52 64 86 86 12 33 35 36 31 62 47 90 11 42 11 76 94 50 82 67 85 34 93 16 32 07 25 80 81 51 25 34 15 12 20 26 44 55 62 75 17 09 65 28 51 76 05 45 26 86 13 11 20 07 27 51 14 51 32 94 02 57 29 17 68 48 42 13 03 05
87 20 13 53 47 64 29 51 09 55 37 22 66 57 28 92 08 41 44 40 36 45 97 64 61 65 13 04 78 15 08 65 35 21 18 81 84 46 32 93 01 69 16 66 26 44 59 34 84 03 74 21 48 71 85 09 37 97 13 15 13 21 79 47 42 97 28 27 43 60 21 44 29 36 11 55 79 69 89 64 72 63 85 20 34 70 29 71 67 41 86 79 62 66 27 04 63 54 31 07 15 51 51 43 86 61 98 66 31
87 30 03 50 16 22 84 85 50 56 53 91 42 33 53 08 59 57 71 14 87 77 28 39 28 71 25 88 69 91 19 57 22 22 07 37 43 91 23 93 48 75 84 89 09 38 97 68 95 68 81 83 45 09 22 73 79 47 61 49 38 80 06 59 02 13 96 45 05 19 38 52 94 23 42 03 60 39 70 56 07 52 39 52 60 61 25 40 08 86 89 45 67 95 05 68 09 01 14 13 20 51 65 14 73 07 17 34 46 86
89 53 39 29 05 99 89 30 40 96 16 29 42 82 25 47 51 33 48 64 46 67 16 12 80 89 19 97 24 64 84 14 18 23 42 22 22 31 51 61 28 67 90 70 49 15 17 99 48 64 64 94 32 80 06 13 69 25 10 92 88 93 06 07 16 48 28 38 78 79 99 07 46 89 76 95 05 93 95 53 58 59 47 89 39 53 02 09 77 12 01 66 06 07 72 21 54 01 59 33 79 58 39 26 48 16 21 53 09 17 06
66 75 53 56 15 06 58 23 83 69 24 50 75 31 22 95 84 23 55 17 03 13 56 28 61 71 49 14 80 66 19 47 41 72 04 56 77 61 79 61 31 04 11 06 34 33 02 19 55 56 35 58 69 91 86 31 63 36 44 43 02 63 90 43 35 93 98 13 54 78 74 85 81 84 91 16 18 92 34 73 49 69 31 19 60 17 50 24 52 93 66 53 57 57 95 92 50 94 06 05 72 79 90 54 64 81 70 81 74 04 54 24
73 85 42 34 03 91 57 55 85 24 08 43 80 04 35 30 98 40 35 71 20 25 26 83 06 95 64 79 99 19 03 72 05 45 06 07 37 63 61 23 86 69 65 67 73 01 96 72 41 32 43 60 56 68 43 62 64 08 41 63 27 44 36 31 89 42 38 27 05 99 49 91 69 15 58 42 16 55 14 56 86 57 17 43 26 59 05 89 66 45 53 93 89 88 24 79 30 62 06 35 61 55 26 30 70 84 72 85 39 86 42 26 43
58 68 68 18 72 58 84 18 11 77 07 98 02 85 29 63 91 63 25 46 89 54 16 73 27 02 13 13 43 38 55 02 07 24 19 78 81 03 95 91 79 03 90 81 88 19 44 79 81 68 26 71 23 41 45 50 43 57 62 86 95 18 87 02 41 07 80 23 09 76 14 88 78 04 69 67 23 14 46 05 82 71 75 06 13 20 55 56 77 17 42 73 35 30 74 75 36 55 98 45 31 12 34 10 16 03 76 38 17 23 43 98 94 18
04 08 38 58 63 15 75 05 87 10 34 62 85 70 18 83 15 49 95 48 58 12 51 35 50 67 57 92 66 52 11 69 59 48 28 22 63 04 26 50 14 60 13 99 31 31 83 45 79 79 93 37 90 45 72 41 13 30 33 78 81 43 48 40 91 76 61 54 79 87 05 93 48 18 92 78 48 75 24 27 54 17 64 45 61 36 85 73 65 19 52 46 62 99 85 53 75 47 08 55 35 12 48 82 29 41 60 76 16 84 04 70 01 67 15
62 03 01 36 67 19 87 14 80 87 99 34 62 46 41 18 81 53 66 63 81 07 24 58 23 08 61 92 09 29 08 71 31 08 07 98 26 94 12 07 81 12 41 44 57 81 61 39 35 27 03 17 34 27 74 56 34 36 48 43 64 56 15 95 63 21 94 89 16 07 96 97 18 37 41 75 19 03 14 53 30 16 69 63 42 44 19 76 80 67 20 45 23 34 40 86 55 35 75 70 41 72 67 58 09 09 33 28 12 46 80 41 62 50 05 04
93 23 80 74 90 99 19 14 33 59 99 87 93 75 58 34 47 26 91 56 34 25 83 45 71 64 86 33 15 90 37 09 14 17 82 04 16 01 18 48 59 18 36 53 93 94 86 41 20 78 96 54 04 80 98 74 45 85 08 59 75 44 67 88 60 50 92 75 50 10 24 10 28 60 62 21 54 49 61 73 28 57 27 31 38 26 06 83 12 13 42 86 56 10 75 16 60 67 91 11 77 16 20 05 75 82 25 30 32 85 03 59 43 30 90 81 56
95 64 67 08 07 53 64 17 29 79 76 95 71 86 72 86 07 77 62 89 03 91 21 87 93 80 31 24 71 13 80 67 76 47 75 82 01 39 98 29 18 75 25 89 61 97 75 68 74 37 57 76 29 78 64 23 59 95 46 31 08 26 97 83 73 72 66 73 11 65 03 29 41 27 18 02 24 93 70 98 31 28 75 59 06 40 81 65 35 28 95 42 54 93 26 27 65 92 01 75 58 04 05 98 31 23 01 55 16 70 53 46 97 29 06 04 68 87
68 03 15 64 45 69 57 71 96 23 63 97 98 21 01 03 19 32 25 19 86 41 89 40 86 86 68 92 90 36 79 59 39 94 24 84 63 80 55 60 04 19 57 02 39 58 05 58 89 29 77 75 70 67 15 57 54 83 49 44 19 29 04 58 23 27 42 86 07 97 46 11 16 04 12 55 61 16 14 50 45 91 26 15 58 41 72 12 24 21 56 43 49 59 01 72 85 43 59 92 40 05 03 55 09 15 11 69 31 24 20 76 15 45 91 72 85 63 84
09 83 40 52 33 99 52 05 84 95 63 76 35 68 79 90 76 93 01 46 25 25 66 01 39 11 91 12 96 54 96 06 38 37 57 71 36 10 75 20 05 39 96 40 08 76 31 84 70 32 31 94 56 96 95 95 08 86 07 04 41 04 10 79 40 67 50 75 76 26 95 81 64 92 22 72 68 52 56 39 83 87 33 40 83 28 35 90 15 42 94 55 45 04 35 85 70 84 60 47 10 56 29 74 48 50 46 17 03 03 55 86 89 88 26 72 17 61 63 31
04 57 86 49 60 21 34 31 05 94 78 15 51 07 88 98 57 35 16 60 37 71 46 27 60 72 99 76 33 62 08 37 19 93 85 79 15 19 10 20 14 88 34 64 94 23 63 52 57 79 12 94 50 57 21 10 30 20 86 63 82 93 99 01 87 84 80 02 04 90 22 18 78 55 81 73 77 45 25 35 24 37 29 74 94 49 84 24 69 71 86 51 64 86 52 52 71 33 53 74 23 74 92 02 30 74 74 08 19 99 42 43 36 70 18 31 20 02 54 89 73
41 41 37 28 93 88 98 26 42 72 49 17 65 50 47 39 24 54 57 24 96 01 59 67 18 90 87 20 45 76 92 86 18 30 14 11 19 12 37 60 84 85 77 49 35 24 87 59 78 45 82 75 45 42 42 62 32 30 82 76 06 74 62 24 04 76 35 22 87 71 82 71 57 60 21 92 84 08 51 63 52 34 38 97 75 80 60 08 10 42 83 16 16 46 39 20 22 74 42 10 46 25 80 03 84 02 95 69 09 46 32 61 80 70 59 55 50 19 62 59 60 46
75 76 92 15 95 15 88 38 24 34 62 05 37 47 06 32 16 14 78 48 75 58 18 34 14 67 52 75 27 13 22 02 88 14 16 84 28 05 22 52 38 84 56 75 31 61 07 47 75 85 94 50 43 12 84 56 79 37 32 06 50 54 08 38 67 24 23 95 28 45 47 66 29 04 41 60 64 48 08 39 33 02 89 76 14 74 32 92 12 64 98 61 18 06 98 85 30 22 81 58 66 29 24 95 32 65 56 96 13 63 35 46 65 25 22 78 99 54 71 11 18 70 71
36 75 70 21 06 91 03 63 58 31 87 53 62 52 10 59 65 72 93 11 38 19 33 17 18 86 88 28 05 58 99 40 34 69 61 39 61 63 02 19 93 88 72 56 41 81 15 06 54 09 17 92 28 49 09 45 36 96 73 40 55 72 79 88 42 40 27 03 03 29 22 96 17 93 52 58 75 67 63 30 75 80 23 03 30 32 48 65 28 22 05 83 94 84 71 36 24 97 39 27 26 60 24 43 54 76 02 30 43 65 60 19 45 82 22 74 14 69 39 42 90 44 25 85
28 95 21 52 93 60 79 20 20 03 63 74 79 64 04 22 29 63 40 74 45 61 48 58 31 87 99 22 32 25 07 59 20 27 12 13 86 90 33 07 93 95 80 72 59 84 93 88 47 34 62 92 95 11 50 27 98 50 48 30 74 54 88 94 81 01 08 68 90 40 74 83 35 55 56 94 39 50 82 86 83 44 78 79 55 29 06 53 78 53 82 53 08 71 48 88 71 55 57 61 94 32 45 30 86 02 24 26 51 07 12 35 51 90 14 06 19 20 58 97 73 41 51 80 12
98 69 82 53 26 44 48 58 89 78 44 90 02 70 41 09 82 75 59 72 89 64 90 09 23 88 82 63 39 62 74 37 32 57 90 58 01 38 16 89 16 60 79 18 30 21 26 12 95 84 84 84 49 74 93 72 63 75 36 02 38 10 38 69 67 28 27 68 66 43 57 81 03 37 99 32 57 25 44 53 10 28 38 59 03 31 32 65 07 67 66 44 77 05 14 44 32 41 12 98 83 69 79 85 06 79 18 63 05 61 16 15 88 54 74 91 84 06 56 91 72 23 35 49 27 49
93 59 89 05 57 73 73 37 58 79 16 75 43 20 36 59 35 25 13 09 17 97 14 72 88 86 95 24 35 23 73 29 81 62 33 38 36 07 75 93 86 90 69 30 11 05 88 45 30 02 54 46 99 67 19 88 53 15 12 88 37 85 17 18 48 50 56 83 57 31 76 43 22 45 73 33 50 61 78 80 62 32 27 62 99 45 50 52 59 61 41 95 47 58 14 94 08 69 77 65 01 54 09 22 99 81 54 50 42 32 30 05 64 57 66 63 02 16 16 61 77 56 57 25 15 71 19
23 41 96 87 41 51 95 63 51 76 17 01 19 49 31 24 14 87 90 76 89 07 91 51 84 48 08 09 62 79 28 84 20 25 71 60 75 67 23 27 43 40 27 62 89 58 86 03 45 76 78 35 83 69 85 67 17 93 76 79 72 04 63 91 29 34 52 05 02 74 31 45 15 58 07 04 16 93 07 61 70 84 95 53 54 80 21 71 73 96 51 46 01 14 37 30 48 88 34 49 63 64 93 77 22 01 81 38 93 88 98 63 73 93 16 27 74 37 98 48 34 49 93 34 63 31 63 11
20 97 59 82 61 53 60 83 53 42 21 46 30 20 09 03 13 25 30 87 62 29 35 95 78 29 30 41 59 93 51 79 90 11 61 52 63 22 35 16 63 56 62 92 75 70 94 88 95 25 75 57 53 11 52 31 40 82 71 99 75 23 78 65 34 40 17 96 61 52 13 24 08 74 17 82 45 12 70 41 36 46 98 88 57 51 19 96 33 90 95 08 13 73 73 47 13 90 43 74 42 56 97 50 31 14 32 76 26 03 17 61 49 16 49 06 66 68 02 98 58 97 07 71 71 80 18 83 70
61 58 13 17 55 62 48 69 94 24 94 97 41 56 46 56 05 51 22 72 52 21 31 49 28 02 20 08 20 04 78 80 61 91 97 17 54 45 86 48 69 81 45 11 37 90 66 42 41 88 15 93 10 45 43 37 47 63 45 67 67 24 47 29 15 45 45 68 90 32 17 60 14 61 70 51 52 36 93 93 25 08 87 34 53 30 70 01 92 16 67 59 39 15 87 54 60 33 22 50 65 38 10 79 99 79 30 51 16 23 45 40 31 32 74 83 61 44 84 54 60 51 14 99 65 02 53 25 35 74
75 99 13 85 79 13 65 09 63 80 32 09 21 62 40 94 46 01 39 30 55 99 81 68 98 47 69 51 72 05 26 47 05 39 32 83 51 96 91 15 77 24 23 98 86 62 92 33 63 32 63 18 31 44 86 29 90 56 79 62 60 06 09 64 44 41 47 94 38 39 09 16 63 31 14 50 93 07 82 56 38 45 74 69 88 61 97 79 17 77 41 77 82 50 42 27 91 89 21 29 29 29 45 91 60 58 42 53 65 24 10 04 68 84 72 57 45 70 36 62 47 77 40 30 27 82 56 19 71 76 47
99 06 92 91 66 51 33 20 16 57 30 19 26 14 90 83 59 60 19 22 08 96 61 38 23 44 93 41 15 70 88 15 76 81 07 43 32 40 62 47 96 91 66 22 06 57 06 64 18 24 86 25 20 48 62 43 91 56 84 06 27 73 21 03 54 27 45 86 67 08 34 63 98 99 85 05 57 90 69 74 15 55 99 35 03 61 78 93 18 62 99 44 36 21 47 90 48 91 76 15 98 11 77 97 11 63 02 67 53 70 41 68 25 40 03 28 02 80 22 20 43 22 63 79 42 10 69 89 02 46 04 99
56 81 97 66 45 98 34 97 68 74 66 93 15 68 22 16 49 43 36 92 64 98 71 07 09 41 96 10 87 01 10 43 81 07 10 26 05 43 24 73 18 89 67 32 58 88 48 08 32 83 99 96 82 71 03 90 13 98 99 99 98 09 42 80 16 52 07 21 95 30 93 13 20 61 45 78 50 92 86 81 76 86 77 58 57 79 48 69 78 48 68 76 57 11 57 72 63 63 92 58 93 86 71 13 48 16 91 97 08 77 79 84 63 56 42 21 36 90 90 14 38 59 90 95 69 48 67 33 11 60 90 04 47
61 17 94 76 08 92 84 85 71 68 48 28 11 68 63 01 59 77 39 18 68 34 87 16 02 20 27 62 10 30 09 71 47 04 48 54 96 33 39 68 02 87 95 12 56 59 13 15 37 51 32 05 84 19 21 86 38 48 48 48 78 57 20 25 60 67 79 57 99 18 25 01 06 20 13 61 79 25 76 16 75 08 21 60 27 42 46 65 89 94 13 67 51 32 91 12 99 70 68 98 88 92 99 94 13 12 55 91 37 31 08 12 39 28 72 65 70 19 31 59 13 43 27 63 75 18 75 75 88 43 73 77 36 73
71 48 85 27 40 22 57 47 34 96 75 07 61 45 25 92 05 38 35 31 02 11 49 76 85 38 19 59 15 54 33 86 03 19 13 42 40 70 89 74 66 65 81 28 11 06 20 15 44 55 46 45 65 94 21 51 32 40 11 47 93 43 33 96 61 46 38 02 16 28 76 82 92 57 10 03 63 30 18 07 84 63 51 50 57 72 02 89 12 12 37 06 54 69 02 16 16 39 18 32 67 93 14 59 50 24 62 14 53 79 20 37 42 71 87 99 43 88 89 55 99 26 60 54 95 61 70 11 01 87 42 67 80 56 27
31 79 88 44 32 67 64 69 10 35 56 09 78 45 97 33 44 24 92 98 19 54 69 29 54 56 71 22 37 27 48 67 06 36 12 38 04 76 07 13 11 63 22 89 08 20 22 52 43 15 51 61 69 20 90 24 75 62 45 12 88 92 79 94 29 91 33 32 67 40 45 78 03 67 67 11 86 89 62 30 05 14 91 73 33 82 96 09 44 42 21 33 35 99 28 63 91 60 95 58 99 40 37 03 07 04 13 93 93 75 24 98 88 16 72 22 97 69 30 42 11 50 75 45 50 03 08 41 62 04 98 62 43 36 64 50
40 77 44 33 53 68 32 41 83 04 62 81 72 92 24 82 42 98 28 91 01 36 32 63 39 31 26 82 66 89 33 06 67 77 39 20 45 70 61 29 73 24 11 46 16 34 29 57 32 56 48 33 92 80 95 31 11 21 14 77 11 46 83 78 23 22 97 68 92 58 96 65 82 07 11 97 40 40 54 72 95 03 05 87 82 01 19 93 22 32 71 32 78 54 10 01 76 08 69 68 66 65 34 48 72 45 45 12 84 99 84 79 03 89 67 85 89 86 78 11 18 50 43 96 04 53 97 80 61 66 48 27 31 81 75 03 26
21 15 11 20 99 89 22 88 57 07 77 43 85 88 61 35 31 57 39 84 54 19 45 20 67 72 51 49 47 54 75 67 69 85 87 68 75 10 56 32 17 34 75 02 22 36 37 53 93 76 37 48 95 81 68 62 53 20 12 01 73 86 67 42 71 55 10 46 64 66 77 80 99 53 82 21 88 19 73 82 95 11 30 90 91 98 53 45 18 64 46 91 51 14 33 22 68 43 67 32 09 45 12 08 97 93 29 86 13 02 69 08 12 98 98 04 97 52 49 15 17 94 06 67 09 39 89 76 81 56 08 90 02 20 97 98 14 26
85 27 28 54 35 40 53 34 44 50 85 92 65 03 87 71 70 95 10 59 71 91 15 79 81 16 99 79 15 14 06 99 40 34 54 74 73 07 08 17 56 93 10 22 95 97 92 65 92 03 24 64 94 39 44 76 55 44 55 70 57 61 70 96 95 24 71 69 30 78 86 86 71 95 08 67 93 01 33 86 03 56 51 96 95 94 72 50 39 28 20 95 89 90 92 84 14 63 53 43 42 39 29 14 35 37 81 28 37 14 14 39 69 64 36 65 59 08 15 97 35 35 93 25 26 86 09 39 50 61 81 91 01 11 06 36 48 86 63
84 99 77 24 69 42 59 35 01 67 50 98 03 85 92 27 11 78 35 49 28 96 31 20 97 42 26 33 89 13 95 74 13 73 97 82 15 57 17 16 24 66 14 26 51 07 52 61 85 87 11 13 84 41 33 81 82 59 14 72 71 10 46 83 82 43 65 97 01 81 13 24 47 27 50 98 33 03 59 18 89 69 31 73 11 64 55 92 23 68 65 93 78 11 77 61 54 42 58 54 24 70 77 71 97 28 69 31 30 28 48 19 97 79 92 08 44 48 01 67 16 65 61 94 76 38 55 30 79 13 83 04 83 61 74 80 88 43 11 18
71 59 37 68 39 30 76 82 77 77 50 93 43 11 87 19 48 43 49 28 55 32 31 39 93 05 20 82 47 30 99 19 89 37 87 29 67 63 11 45 41 60 38 84 70 26 03 19 68 51 46 24 83 77 62 77 81 82 59 29 12 59 47 02 95 35 30 63 98 41 08 39 02 46 23 72 71 26 90 40 77 37 63 60 14 26 37 95 09 96 24 20 55 71 22 51 06 52 14 04 92 22 43 94 67 66 66 38 91 57 78 68 93 42 29 08 68 66 03 76 62 27 96 17 98 18 68 05 69 81 09 62 03 51 56 70 18 22 09 09 79
86 77 73 28 07 80 96 72 82 72 35 10 68 52 08 86 20 12 56 02 21 18 05 71 74 74 89 96 82 97 75 69 75 48 96 81 28 92 54 11 65 89 20 34 41 28 20 61 40 75 62 60 93 67 32 67 41 21 63 24 18 39 92 93 86 88 75 15 81 29 26 47 18 45 80 59 73 01 20 13 75 82 72 69 49 04 37 90 24 01 14 42 39 06 36 25 94 11 40 76 39 65 23 57 11 04 16 83 04 36 96 79 18 68 48 67 72 84 57 96 84 70 38 24 76 73 49 70 84 88 47 23 54 70 79 64 73 95 47 76 31 43
56 49 12 04 16 84 88 73 80 73 44 19 96 20 92 46 90 76 34 38 98 88 08 78 52 81 74 99 57 06 43 13 54 54 17 70 38 06 43 19 78 86 37 75 07 29 22 97 05 56 35 04 44 42 82 95 23 56 94 80 61 38 93 16 92 11 85 31 16 28 49 94 15 85 70 21 15 91 18 19 47 53 23 90 95 05 86 18 61 81 98 23 19 92 38 11 03 23 41 19 51 89 13 65 75 83 86 89 75 05 09 22 57 31 13 52 36 99 70 96 80 69 19 98 61 56 10 64 78 51 82 30 41 94 94 16 78 80 05 53 85 14 74
42 44 87 94 79 86 65 76 67 34 94 66 94 51 75 59 30 27 41 59 67 36 53 82 14 34 87 66 19 01 41 61 45 29 55 24 15 20 99 82 54 94 48 49 45 24 08 74 50 48 33 17 83 86 99 96 21 86 63 39 87 04 99 32 32 55 56 47 75 55 30 30 50 77 78 95 02 86 69 51 34 03 68 18 89 67 15 10 54 77 48 41 81 48 72 13 04 28 60 79 83 89 09 34 67 87 29 68 73 98 20 08 01 87 25 89 55 39 98 09 17 47 50 97 95 23 11 99 51 71 78 35 60 87 68 28 74 96 95 48 94 16 55 95
03 79 85 58 19 84 67 35 31 17 32 27 39 43 26 90 14 05 25 73 91 93 02 66 89 96 14 84 13 68 80 15 48 65 73 66 49 40 02 80 56 33 08 95 76 33 86 89 37 11 63 29 04 64 94 93 61 08 77 73 76 57 88 24 23 61 90 71 01 91 52 57 25 59 53 01 91 39 89 29 50 52 58 53 17 53 47 77 61 25 50 37 82 39 61 05 99 51 76 01 43 28 58 67 86 11 68 78 50 57 08 99 10 66 53 26 19 99 04 79 25 53 16 07 91 76 11 91 28 87 91 70 15 49 38 02 60 06 80 10 63 87 10 73 53
62 99 71 62 03 50 86 56 66 93 48 43 05 39 71 91 31 42 06 79 79 08 40 85 87 50 49 75 59 22 28 22 22 99 83 24 50 70 79 17 64 27 59 68 66 31 59 96 72 65 76 51 72 16 37 59 66 85 35 25 08 62 46 29 62 30 52 13 01 32 29 64 59 88 32 25 19 91 22 90 56 97 41 29 14 78 88 79 63 23 04 70 85 50 98 47 80 51 59 81 83 88 46 43 76 77 68 94 69 89 85 25 86 27 54 01 05 42 79 67 64 83 38 50 34 36 96 15 87 56 95 71 44 41 14 21 19 81 15 87 70 01 13 57 27 66
57 31 09 37 97 73 21 36 23 54 71 19 68 59 75 64 30 19 05 44 39 23 25 54 11 95 54 23 52 81 89 10 12 97 47 10 71 67 45 93 22 17 12 90 76 86 54 06 06 59 50 45 82 74 99 92 70 54 16 23 35 06 32 46 04 79 55 74 47 01 67 69 17 79 59 92 66 13 98 71 72 48 17 54 23 16 46 92 69 62 15 04 68 47 50 71 27 06 45 73 06 12 42 23 91 02 16 57 15 14 29 86 62 45 40 85 61 86 77 31 49 92 35 17 40 84 87 66 89 32 40 95 44 81 18 36 82 33 92 97 47 22 83 09 66 23 94
28 10 71 58 58 64 93 74 04 77 61 69 67 93 09 62 38 90 79 73 73 13 66 70 59 87 53 68 54 76 62 81 85 34 40 43 97 33 18 02 11 78 70 77 72 79 40 10 70 19 83 43 31 49 14 90 36 67 58 89 43 20 71 29 54 12 72 52 45 89 53 55 68 24 33 40 04 72 49 73 91 32 17 23 81 30 13 17 97 71 07 41 91 78 69 45 89 42 96 34 32 50 89 99 73 23 39 76 95 88 49 86 21 66 09 02 95 22 18 93 92 25 34 83 03 03 28 91 45 25 26 76 74 16 75 47 39 15 24 34 04 73 20 24 39 29 25 35
50 43 28 43 68 61 26 70 64 54 62 09 78 88 85 53 05 60 01 43 75 24 76 78 96 96 03 36 25 27 70 75 70 98 18 38 59 44 08 23 97 70 32 76 58 17 29 62 77 29 06 53 53 81 32 50 78 34 85 04 60 55 78 31 53 96 68 13 41 76 36 38 47 68 15 06 85 44 67 63 73 73 16 26 54 47 75 33 80 60 36 41 16 14 71 69 11 40 81 51 17 18 89 63 85 05 68 70 48 36 33 22 09 49 48 63 95 23 96 76 83 32 17 99 46 88 68 56 29 50 08 45 68 97 09 53 03 77 24 50 13 56 72 22 05 20 85 01 43
81 76 26 13 93 26 59 81 94 15 10 44 23 55 12 21 63 65 23 40 88 73 53 45 45 75 49 64 60 49 07 42 26 33 54 19 58 13 99 52 28 10 96 51 64 09 71 28 74 93 67 62 67 21 08 12 95 56 76 55 06 83 97 32 17 52 50 75 65 50 28 92 59 24 44 24 33 16 51 07 10 19 69 76 40 76 87 35 33 64 90 39 47 87 70 64 39 20 39 04 70 66 96 30 90 40 53 24 55 05 30 64 24 99 41 63 76 29 97 09 92 88 48 40 75 18 04 15 38 42 18 09 09 15 38 98 55 90 22 11 95 52 75 19 52 16 81 28 44 79
37 36 67 84 76 43 03 79 57 41 22 75 49 30 90 86 29 45 77 51 55 72 03 30 91 55 45 73 82 89 53 20 25 21 05 01 63 07 80 21 47 02 96 96 32 86 82 60 31 60 11 86 32 14 16 24 68 61 97 51 51 50 70 75 70 74 76 34 81 57 54 28 59 51 24 90 37 07 51 67 66 62 54 98 76 70 23 45 32 20 95 82 70 66 57 41 40 34 74 21 91 29 49 50 79 73 41 16 80 91 83 46 54 38 44 31 08 67 75 39 86 70 21 56 36 78 97 76 13 72 97 04 01 47 53 80 20 93 96 01 85 80 46 40 18 90 70 25 57 45 64
44 16 84 01 52 62 97 29 74 69 26 78 70 72 31 50 92 25 46 92 11 27 39 50 44 30 21 69 86 66 33 31 81 18 31 34 79 28 62 54 97 87 33 67 60 63 17 53 88 63 46 98 90 84 48 34 14 69 04 01 35 36 31 16 54 61 50 34 89 12 88 86 99 21 53 59 83 70 12 71 34 57 70 24 42 19 58 56 87 61 56 22 97 86 38 51 48 87 84 37 99 72 24 98 92 76 57 76 47 69 48 81 27 18 05 69 36 62 25 24 24 80 45 22 67 83 73 16 71 57 53 70 30 76 68 23 53 26 99 99 94 47 80 22 65 85 90 02 48 15 25 72
95 70 93 63 53 66 78 24 24 31 94 54 07 62 76 60 87 75 59 82 23 40 04 87 26 93 89 73 09 14 45 04 84 39 67 38 06 45 62 29 76 56 82 82 19 58 43 06 34 02 88 56 42 91 44 68 85 34 41 94 47 86 98 32 26 65 69 31 10 31 59 86 87 42 69 06 01 12 12 34 14 99 90 55 91 35 24 77 68 65 71 16 52 69 47 77 34 17 09 44 48 67 31 35 10 99 41 10 11 52 44 24 52 35 79 43 70 03 21 38 67 91 54 19 61 01 96 95 18 05 40 66 72 70 02 81 69 42 91 79 94 35 03 47 70 81 90 40 84 11 77 51 02
31 70 62 32 66 58 50 70 97 16 42 67 17 23 36 59 14 16 53 49 19 99 19 99 89 58 84 01 36 35 02 67 05 64 99 70 22 49 40 20 65 82 86 81 05 23 40 19 38 93 67 56 93 86 56 83 45 40 83 81 75 85 48 80 50 48 51 72 97 91 91 62 73 78 44 77 01 84 96 39 77 64 94 71 50 51 54 94 91 37 75 66 22 24 47 72 72 97 44 69 88 35 32 61 13 75 39 13 59 36 52 37 99 47 09 49 97 62 44 89 99 20 56 22 44 03 93 16 99 37 84 88 71 16 50 84 91 89 97 51 25 49 88 24 95 96 72 92 58 17 81 58 36 38
79 79 40 72 94 40 10 79 28 80 95 77 65 86 66 62 37 91 11 25 15 06 21 87 98 79 04 80 37 39 18 16 19 57 88 14 96 97 92 25 78 87 03 43 73 69 06 11 60 16 35 74 22 55 62 20 35 65 99 71 05 18 87 23 74 76 36 71 74 29 96 52 16 98 95 89 68 02 99 28 17 35 03 38 90 64 58 25 30 57 96 34 75 83 56 50 59 92 21 33 21 18 85 37 17 81 26 84 82 26 13 99 60 15 37 50 79 94 74 09 52 70 42 27 54 98 76 14 90 97 47 11 16 32 47 32 14 73 16 95 98 28 95 59 43 32 09 23 27 83 31 79 54 73 07
09 71 83 22 62 80 68 73 95 01 21 28 14 93 43 10 92 71 05 51 15 37 60 37 64 44 68 44 97 42 50 06 14 33 28 75 14 95 48 10 95 68 37 10 62 80 20 54 52 25 06 67 62 66 05 27 10 72 70 07 15 20 13 28 53 40 03 67 35 51 76 31 20 14 41 81 93 61 36 46 85 42 13 47 08 17 73 17 89 44 23 04 63 36 31 17 75 34 83 11 84 60 42 05 73 82 85 66 43 22 12 29 63 24 76 70 40 49 86 30 93 10 33 57 45 63 73 20 97 57 31 82 17 72 86 89 54 71 56 97 92 67 26 55 91 02 26 32 51 12 61 44 22 93 01 66
57 74 86 55 31 17 37 47 89 23 36 43 93 92 41 86 59 66 42 51 68 68 82 20 80 44 63 02 38 64 68 95 39 55 50 69 72 86 17 61 09 53 04 03 45 44 89 04 11 31 55 78 98 38 98 78 81 62 80 20 26 48 15 64 03 64 34 74 50 50 36 58 03 39 61 47 83 50 51 94 80 07 73 79 44 71 58 26 33 38 45 59 86 59 23 89 23 57 64 73 07 99 31 10 39 91 57 22 42 09 17 22 15 89 02 58 61 59 83 93 97 29 52 83 87 75 72 11 32 37 83 39 36 15 48 74 07 05 96 48 14 13 70 28 03 71 85 63 31 69 57 29 98 10 12 85 85
84 96 18 22 79 56 57 93 05 31 99 10 28 48 23 41 18 50 44 88 36 07 20 06 64 48 04 73 60 89 58 45 85 75 66 64 32 23 58 36 54 58 46 82 06 68 23 23 19 66 12 55 73 31 60 37 79 63 11 39 53 68 84 38 44 50 02 75 73 60 12 28 18 57 10 23 26 33 46 45 98 57 99 72 88 59 10 68 23 20 08 75 88 91 13 33 42 15 09 15 74 20 43 92 77 52 15 04 84 60 48 83 18 47 56 07 07 65 74 29 85 81 05 73 73 18 06 15 32 14 30 07 34 72 98 12 24 14 15 09 74 63 92 92 10 48 98 16 14 73 45 98 54 49 71 28 66 77
42 98 91 72 05 25 44 04 37 68 18 51 76 91 14 69 83 24 18 81 39 31 54 83 29 09 33 01 36 98 78 78 96 69 50 02 94 93 05 31 62 22 81 39 14 95 08 96 19 25 78 58 55 33 42 84 42 74 85 77 73 63 56 70 33 07 71 27 01 76 57 62 98 39 01 12 35 08 09 54 33 87 12 88 20 54 72 61 28 58 39 02 21 95 71 53 02 42 80 02 19 37 64 17 76 64 29 11 72 37 64 05 25 76 93 44 30 65 06 58 24 45 59 44 40 30 97 42 72 77 44 90 15 08 08 90 72 36 02 44 73 65 49 97 41 42 42 71 08 48 29 31 92 87 75 32 18 73 74
89 50 18 80 65 25 87 56 96 23 57 41 96 23 89 94 63 31 36 34 39 83 63 69 75 50 44 08 67 18 81 57 67 99 37 33 24 24 88 21 47 45 61 43 67 51 38 31 82 73 65 21 57 28 89 33 78 34 41 46 51 22 03 19 22 39 51 45 63 40 66 11 84 28 54 52 78 91 83 60 65 48 80 22 76 70 54 55 04 94 01 55 17 03 73 38 42 25 83 06 64 49 16 49 76 70 02 55 61 84 15 26 33 94 47 09 64 02 64 68 95 64 23 13 67 96 51 10 22 34 16 86 83 31 35 60 02 36 15 62 21 29 87 53 24 35 62 87 37 26 56 33 90 79 45 57 75 95 66 97
30 81 83 13 13 19 72 14 54 87 76 74 16 64 28 39 99 89 27 36 15 82 68 05 61 14 62 37 09 29 34 38 11 17 51 24 35 24 37 89 11 14 64 26 77 91 65 76 80 92 13 95 74 80 01 36 94 63 72 03 91 07 41 02 24 92 25 59 16 62 49 26 75 13 52 53 05 18 30 85 10 42 80 84 23 81 20 18 44 92 20 35 98 61 37 23 54 62 81 69 24 30 95 99 42 48 53 47 65 82 32 74 25 13 59 48 93 78 65 38 70 85 73 69 47 11 91 01 72 72 70 95 03 65 95 45 13 48 91 78 30 23 53 55 35 12 04 29 90 68 67 61 54 41 30 01 51 22 02 23 94
71 18 96 37 13 41 50 61 33 28 91 55 81 46 90 92 50 20 82 18 87 43 72 28 73 73 78 94 74 01 89 46 19 85 82 31 27 32 92 59 60 83 15 41 30 06 34 79 26 17 97 13 59 69 40 33 43 18 28 17 18 17 63 36 03 45 67 29 77 59 88 38 43 04 78 72 09 12 51 34 28 49 47 87 18 86 21 61 04 48 77 22 65 41 58 67 86 25 95 64 84 84 02 27 87 79 99 96 91 51 30 20 99 77 08 18 63 28 78 67 76 56 88 41 96 46 08 83 71 04 47 56 87 48 83 74 28 82 70 20 34 01 39 33 77 47 51 41 75 29 08 51 85 96 92 81 43 01 64 14 04 11
70 90 59 53 65 86 36 36 06 69 37 45 02 15 92 53 55 67 81 63 19 66 59 11 48 02 11 13 16 15 24 85 06 82 39 71 69 74 07 74 43 44 20 45 58 12 97 13 78 79 76 96 46 36 08 93 38 19 06 53 33 29 39 38 12 78 09 80 52 16 55 95 59 74 41 17 86 39 30 64 18 07 61 63 42 69 57 79 87 63 33 21 92 72 59 04 50 68 84 03 83 39 97 43 14 39 60 99 77 89 64 94 96 26 58 38 94 15 17 82 78 49 04 70 21 62 73 71 30 57 73 14 96 70 57 10 10 17 09 86 07 73 81 03 98 39 40 93 54 57 75 32 06 78 02 27 41 75 97 71 33 71 85
29 42 42 39 51 58 48 37 65 21 18 67 19 57 08 12 11 64 87 43 70 66 45 96 07 21 94 78 53 65 63 82 07 05 22 57 63 69 94 28 89 12 95 09 68 03 20 79 66 07 22 37 72 67 34 79 87 28 57 41 93 20 24 01 25 45 58 88 14 52 17 04 64 12 12 32 14 32 12 80 38 34 17 11 01 50 90 87 78 48 29 72 68 52 72 92 96 31 80 10 82 96 13 47 09 25 78 23 56 90 03 94 24 20 06 24 70 95 12 48 43 40 21 11 91 92 04 87 24 84 97 06 81 11 53 89 35 32 12 90 22 15 85 45 35 90 68 05 86 80 53 30 20 73 40 11 66 44 98 89 29 95 95 10
07 48 99 41 79 11 32 02 26 18 46 60 08 15 65 93 94 18 23 15 91 63 26 58 08 24 48 36 20 43 45 26 91 45 67 71 56 99 72 81 17 19 42 25 33 07 18 28 25 41 43 17 05 68 74 13 91 22 48 12 65 93 38 57 38 05 28 94 04 01 75 21 20 18 45 52 25 63 80 49 05 23 65 09 91 40 22 83 62 69 94 27 63 32 84 02 37 13 95 41 13 71 61 32 88 06 84 13 69 65 62 73 88 27 81 79 67 03 63 29 72 57 56 36 89 40 37 26 52 32 66 65 03 28 97 91 34 82 04 03 48 65 75 36 92 57 16 60 59 78 88 32 36 45 67 25 84 04 51 37 36 18 03 39 45
99 30 78 82 34 80 30 99 55 65 91 12 81 51 71 59 40 04 94 84 70 20 69 74 70 07 11 87 09 49 33 09 79 11 90 13 91 21 13 47 86 04 59 67 55 30 27 94 34 22 79 04 41 48 78 12 54 88 99 63 38 32 71 17 43 62 30 34 82 42 80 68 46 40 35 02 70 62 96 04 83 75 08 24 24 85 36 78 74 35 41 12 66 12 29 09 74 59 43 56 02 24 24 48 63 59 49 33 21 45 36 04 21 43 28 44 29 63 22 03 98 62 15 64 74 44 73 48 04 17 05 06 40 29 53 04 87 03 36 09 48 72 13 68 16 40 12 44 04 34 47 02 96 62 66 71 07 40 20 10 56 24 15 95 52 68
98 40 70 35 48 19 07 60 86 23 01 98 67 04 32 15 06 29 76 72 99 83 12 19 92 67 42 08 63 94 76 62 34 46 96 82 64 04 42 51 26 43 49 93 46 81 08 52 10 83 24 10 66 36 28 59 03 70 67 66 64 43 29 98 89 26 80 54 29 23 05 55 65 54 48 12 35 55 64 45 39 88 54 06 24 81 65 27 52 32 92 17 74 22 15 64 47 95 18 75 19 22 31 84 75 79 96 11 35 60 55 73 48 09 79 71 90 45 98 42 76 91 59 51 13 74 15 59 69 33 35 88 54 65 72 30 44 69 40 79 29 95 53 77 05 32 49 94 76 47 37 53 38 95 05 50 69 20 10 39 52 44 28 06 09 99 36
53 69 76 32 97 71 84 74 75 17 24 70 93 70 07 46 09 03 50 59 71 70 68 11 22 12 38 28 20 38 63 73 07 39 05 05 11 89 78 85 06 03 56 98 72 62 45 81 64 95 40 36 65 08 46 86 19 84 14 39 22 77 12 28 16 17 32 27 06 11 13 12 14 68 11 85 31 55 67 95 50 07 31 15 14 77 01 33 62 15 72 83 91 84 12 08 01 44 34 07 55 47 19 68 15 29 54 46 83 21 41 34 27 72 48 41 50 49 74 12 63 46 94 55 31 07 63 32 50 97 38 05 44 57 73 59 85 27 05 69 47 45 03 74 18 50 15 67 99 89 78 63 35 73 18 65 79 81 96 29 78 35 34 22 91 07 80 77
33 85 46 80 31 48 54 48 98 69 15 97 58 92 61 92 65 79 58 45 60 55 73 38 90 08 60 82 15 41 59 47 26 06 28 56 54 81 04 52 50 19 50 09 11 11 02 76 90 59 21 50 15 94 87 05 03 47 86 17 87 46 64 14 51 91 69 05 73 73 57 24 91 08 32 03 19 33 79 09 92 99 58 07 94 46 12 96 93 98 13 80 44 77 93 95 68 63 01 42 37 58 65 28 65 96 31 84 30 10 92 22 10 51 29 04 96 40 01 89 38 14 70 82 90 64 78 59 27 78 01 64 36 65 92 02 62 23 85 91 32 78 14 42 29 43 46 26 82 46 16 21 60 85 04 50 49 81 10 76 60 10 40 96 75 32 97 38 55
83 30 87 61 44 29 90 86 74 16 69 21 32 89 80 17 93 31 66 74 40 43 34 50 82 30 26 15 28 64 69 12 93 57 72 37 85 63 24 60 79 92 81 11 81 61 28 74 92 93 49 32 36 83 82 19 14 09 33 42 72 03 53 65 60 26 03 45 88 26 06 68 18 86 78 99 47 06 74 40 99 23 71 35 07 54 53 20 62 86 61 34 89 15 99 49 40 02 94 29 28 99 96 45 86 75 45 33 81 19 73 80 42 45 15 48 98 68 68 60 55 30 94 45 44 93 93 84 95 88 13 23 88 09 68 74 83 13 08 65 31 80 45 72 25 60 21 23 28 88 83 83 18 78 28 62 71 22 46 67 10 58 89 98 67 57 72 51 69 79
16 01 59 60 72 83 20 93 07 48 81 90 32 99 68 59 61 40 81 07 07 91 65 95 89 32 53 61 83 23 41 98 23 99 59 95 83 79 88 90 27 70 80 59 69 48 19 30 87 99 37 93 91 02 89 80 34 43 42 17 65 82 15 88 82 74 84 66 53 73 56 80 43 36 39 13 84 57 42 71 57 78 65 48 80 55 29 14 97 71 30 63 53 45 52 36 19 36 02 71 10 57 52 52 93 90 64 77 48 07 49 05 85 14 52 66 69 81 79 67 52 10 30 06 55 81 41 74 17 43 46 26 99 97 78 93 87 43 70 36 50 19 40 35 33 92 01 03 73 80 69 26 90 98 31 45 79 71 19 96 15 64 23 14 62 02 08 50 45 77 85
94 96 25 30 30 18 31 32 90 11 01 16 02 99 47 46 79 19 65 75 33 30 98 46 91 01 53 42 45 31 27 40 27 51 69 57 68 99 88 59 11 89 75 12 88 22 58 67 40 24 43 73 53 41 20 45 42 73 86 86 04 13 26 31 64 95 87 33 94 76 92 06 65 68 18 53 90 75 21 31 99 63 04 52 05 23 97 46 95 83 33 98 96 58 30 61 53 17 94 48 93 87 54 58 55 71 12 45 47 32 75 46 95 78 98 99 01 95 45 96 79 77 94 76 36 25 37 89 42 32 37 35 19 90 92 74 62 05 19 09 36 94 54 31 73 52 31 74 47 76 70 27 53 65 03 89 89 39 78 31 71 16 65 89 06 58 63 68 62 82 76 98
76 31 30 50 82 61 24 30 37 93 56 90 58 59 79 47 97 58 78 69 73 43 59 79 02 23 47 64 05 23 63 81 53 93 31 36 54 54 66 90 48 23 81 06 81 60 53 79 18 31 48 91 74 07 70 75 29 17 39 34 40 03 15 92 95 46 29 49 01 94 40 48 17 21 53 97 80 07 76 98 37 25 89 11 31 60 86 60 77 26 93 17 28 09 10 23 54 38 71 54 33 11 03 49 31 55 47 12 62 24 11 98 48 01 10 79 60 96 39 37 22 32 54 49 40 63 71 94 02 43 49 35 54 51 84 85 07 31 96 68 55 08 67 03 08 76 81 68 72 20 06 94 52 59 43 92 23 15 86 25 57 36 59 12 86 43 96 92 73 92 60 29 01
27 31 08 04 13 75 76 33 81 70 84 41 13 77 63 28 64 87 85 99 46 96 85 89 92 77 63 85 37 91 85 64 22 93 67 35 69 43 67 50 13 52 90 26 29 54 53 92 41 39 91 87 35 77 77 28 54 40 14 91 31 98 56 53 91 23 87 60 65 54 11 78 06 02 05 35 55 58 27 96 96 19 84 32 96 61 59 51 01 72 42 32 71 98 84 63 21 71 24 86 26 34 64 32 35 69 66 89 27 93 86 23 13 70 54 09 31 14 59 32 86 02 63 57 99 47 20 21 19 43 07 45 77 71 76 13 40 42 03 66 36 88 89 48 58 44 56 89 57 16 21 43 18 84 01 18 32 20 38 51 63 45 95 41 16 71 53 56 14 55 23 49 44 12
97 03 55 54 91 13 69 13 55 87 96 55 05 28 75 43 78 39 87 73 79 04 45 32 59 59 87 81 08 32 93 06 34 48 59 25 60 29 37 16 16 34 71 20 61 46 63 40 85 50 14 64 53 59 96 12 18 84 93 26 16 86 31 49 35 89 74 95 18 11 12 34 44 82 54 06 29 17 45 14 66 59 78 19 18 75 31 35 59 25 60 75 11 91 24 46 80 97 41 98 09 53 32 53 35 85 59 63 02 05 77 68 63 56 87 80 31 18 15 89 43 75 65 53 66 88 99 47 86 41 45 95 93 77 49 28 62 08 91 64 12 69 32 74 25 19 55 56 37 69 45 79 45 11 33 11 99 32 58 86 72 04 81 66 80 31 94 42 39 86 07 50 55 38 25
80 56 79 36 92 49 81 72 94 91 05 06 90 36 63 76 09 66 58 75 46 88 69 88 27 55 94 77 10 32 03 90 88 82 26 81 32 08 53 26 98 58 31 89 93 93 65 03 59 24 77 06 13 47 93 40 02 88 18 12 20 20 02 09 02 28 89 34 35 43 59 33 01 89 22 94 83 87 97 43 12 75 48 24 22 42 63 23 30 80 35 50 01 36 58 03 64 48 36 98 91 94 32 91 84 54 86 67 42 83 10 53 59 57 76 80 98 40 04 29 21 38 78 21 74 36 23 39 84 58 37 75 53 68 67 37 23 53 04 64 37 13 17 95 70 93 76 69 33 80 97 53 19 76 73 92 13 96 32 96 55 68 71 08 37 38 45 59 91 49 23 28 62 40 24 32
33 01 02 65 80 99 19 98 75 92 91 87 88 23 84 44 90 56 52 28 94 96 87 85 45 10 14 08 50 38 39 82 38 41 48 18 40 67 17 16 59 08 04 48 30 87 91 21 43 43 49 37 40 36 23 85 46 37 92 95 74 32 78 13 73 26 30 13 93 47 29 52 54 32 99 84 20 90 05 62 34 53 99 74 88 23 59 34 59 52 30 34 83 08 46 56 34 76 69 27 23 98 79 76 30 78 60 49 69 65 12 04 19 12 77 08 34 36 42 93 88 71 27 71 79 72 28 13 48 97 40 70 95 19 47 26 97 08 75 66 73 87 69 91 98 46 98 33 82 41 26 70 12 52 42 91 25 70 04 72 67 44 43 63 63 90 89 60 97 65 27 70 52 95 62 51 42
61 83 25 02 09 94 13 61 37 04 85 07 08 58 74 52 02 38 15 91 27 75 89 91 02 60 44 96 23 94 39 83 77 63 84 86 58 97 47 94 02 33 01 10 90 75 61 92 13 76 84 40 52 73 31 53 34 75 50 56 69 88 39 46 52 24 33 10 21 79 04 23 13 05 32 04 80 93 95 92 70 79 33 22 53 64 74 87 39 25 43 08 13 82 53 65 06 85 74 27 65 78 50 78 83 81 81 63 75 77 56 45 57 88 67 11 52 42 97 90 66 41 97 79 24 51 44 30 37 19 56 03 97 06 80 80 87 62 44 63 40 99 08 96 87 75 08 40 17 05 30 83 46 28 63 69 78 08 98 16 26 55 18 23 61 98 04 49 61 47 12 01 46 20 97 34 94 05
73 12 10 03 95 56 30 58 25 09 65 24 24 90 79 42 14 40 40 17 88 01 63 99 02 10 20 98 43 14 04 16 26 14 19 21 69 48 79 94 57 44 18 80 35 96 22 48 37 62 65 25 63 29 25 64 38 45 63 80 59 66 96 84 80 15 06 49 63 84 43 20 29 61 01 63 58 23 12 94 84 76 20 47 05 45 12 43 90 74 23 49 41 20 33 21 34 39 69 96 24 13 16 52 74 17 15 33 39 26 28 23 03 47 70 07 92 81 49 82 56 72 31 96 91 64 17 26 04 86 22 27 99 38 78 73 54 93 07 92 19 34 16 21 81 86 28 73 68 77 56 24 50 87 20 41 52 37 66 55 23 88 82 22 27 61 95 80 54 02 73 73 35 89 94 17 75 23 89
43 99 46 67 49 33 86 90 85 24 57 41 46 45 24 68 71 84 64 52 39 66 26 13 02 15 08 18 90 30 08 34 29 53 01 78 86 87 68 72 11 25 13 57 70 36 26 42 21 89 93 60 56 19 72 57 34 79 74 24 09 81 58 38 35 59 16 21 46 84 92 57 10 06 15 79 42 40 22 62 30 15 22 85 34 93 42 67 73 17 91 81 98 50 20 33 09 36 54 55 21 47 12 30 52 26 10 93 66 31 55 95 46 77 80 79 71 23 47 44 39 39 26 37 88 45 69 97 81 24 52 02 70 64 31 22 90 41 16 56 72 70 51 18 48 32 97 19 54 44 62 93 83 87 31 72 33 99 69 14 24 22 16 93 85 46 15 75 87 30 32 59 01 82 76 49 15 73 67 69
18 29 62 02 17 92 73 50 92 43 64 16 64 79 09 50 26 24 26 13 54 57 71 55 40 48 04 54 22 71 24 40 01 85 41 17 78 14 66 71 57 30 87 22 10 95 71 35 20 96 47 74 54 19 30 93 66 34 48 88 05 71 28 05 57 68 22 36 82 88 07 40 19 93 61 28 89 32 62 10 29 09 84 82 28 14 76 93 48 25 82 52 96 10 57 54 78 79 89 61 67 96 01 85 90 61 13 79 93 75 89 22 84 73 05 12 87 81 05 35 06 87 87 02 96 45 56 75 24 45 36 90 42 37 76 32 98 89 12 91 64 02 14 48 74 18 59 62 98 64 97 05 51 85 07 48 30 62 24 54 08 60 45 49 96 21 80 95 11 92 86 74 93 99 23 68 18 82 30 17 47
28 21 98 13 27 47 43 89 70 96 96 31 41 45 28 62 26 23 72 19 09 47 12 09 70 80 26 52 11 42 98 38 62 96 51 89 44 93 78 14 90 74 44 32 20 71 93 46 94 66 64 03 13 76 11 83 56 36 35 66 78 34 04 40 31 55 30 74 48 08 88 39 82 33 70 02 05 63 48 98 30 12 01 43 88 12 26 44 48 61 10 26 94 14 66 26 68 95 99 17 04 88 55 85 21 25 87 26 88 35 24 18 47 25 61 35 36 86 79 83 47 89 10 42 03 75 67 71 71 67 87 74 55 43 59 76 67 47 02 56 82 25 74 29 49 35 64 85 21 44 69 68 33 78 10 36 54 76 07 25 44 94 98 98 37 58 75 04 05 76 60 87 02 34 16 51 68 80 37 89 25 06
57 57 84 66 93 38 43 99 63 86 93 61 84 31 20 60 34 25 37 94 12 38 28 28 89 95 09 26 84 33 31 42 90 15 08 83 53 50 83 16 36 76 77 21 07 97 80 41 22 18 35 33 55 63 61 45 59 69 70 43 03 01 84 92 16 92 75 68 43 58 84 78 35 61 99 42 58 80 83 80 97 19 14 53 81 74 97 40 44 67 83 46 68 68 39 84 61 15 53 04 73 37 81 09 98 81 50 57 62 34 37 59 52 51 13 34 25 10 74 69 77 57 16 45 26 54 29 86 68 81 89 41 19 71 50 17 53 99 74 15 34 12 73 86 62 85 20 87 95 93 56 72 51 71 18 76 26 46 63 93 28 52 35 47 24 85 64 76 85 38 90 19 50 64 05 12 50 24 99 46 18 56 18
68 27 35 45 53 81 08 47 10 60 82 57 83 67 21 60 52 59 51 70 09 15 74 20 65 98 20 11 17 75 29 84 03 63 30 55 45 37 02 55 97 83 12 80 50 33 41 02 91 91 72 99 06 46 20 71 45 39 81 61 14 10 46 16 73 75 71 19 13 72 74 10 56 85 90 06 18 31 08 10 22 79 09 28 26 28 98 70 67 80 32 80 90 77 96 63 53 67 82 66 40 56 75 95 42 65 02 60 96 09 69 19 87 77 46 13 06 45 83 72 25 15 53 15 92 50 78 46 18 60 12 57 16 87 53 58 52 54 18 49 62 86 67 50 63 13 63 69 58 46 42 82 61 95 97 54 45 76 99 63 36 12 21 52 98 73 10 51 27 27 99 89 14 66 40 76 79 03 46 37 49 87 20 10
82 18 64 28 93 64 91 30 75 12 82 73 84 91 24 12 19 23 02 32 89 41 09 69 44 55 07 92 42 27 03 25 44 67 53 38 31 44 67 06 55 50 78 40 41 03 52 60 26 54 92 15 95 02 84 39 56 90 32 97 17 35 23 61 02 75 98 32 20 66 37 75 16 16 15 57 18 67 18 43 21 11 58 17 12 42 55 67 32 87 65 49 22 87 11 23 63 10 54 83 76 91 58 92 07 73 49 25 40 67 67 61 77 26 77 89 67 33 56 99 20 21 49 42 09 59 64 72 68 19 55 45 11 13 37 17 86 86 42 26 53 10 87 31 35 65 20 03 97 76 02 18 96 51 59 06 10 24 78 78 42 33 23 52 46 59 69 32 46 11 58 98 21 45 30 55 10 49 57 08 25 59 26 22 10
84 28 20 08 06 98 50 39 21 02 84 80 71 16 26 82 73 25 03 19 54 57 29 04 15 37 29 73 62 51 83 46 79 03 54 84 01 04 23 22 06 07 03 77 23 29 59 96 53 61 15 08 18 43 12 33 80 40 06 42 91 89 88 70 91 42 55 92 46 77 14 52 84 17 29 07 45 87 04 97 48 18 06 66 61 17 99 41 57 06 83 49 94 71 19 85 14 73 78 60 51 91 12 35 09 41 42 53 29 45 51 77 63 56 43 25 73 43 66 31 48 49 79 42 21 98 28 34 71 06 93 22 97 06 57 06 47 99 58 75 45 09 52 08 65 95 33 38 38 98 68 85 48 48 27 68 46 54 02 18 60 95 39 57 02 96 62 49 95 21 24 41 29 75 49 94 71 81 33 09 80 02 93 28 49 21
95 94 75 97 12 35 93 51 92 95 48 54 44 44 74 67 84 04 43 33 98 14 14 31 23 94 32 17 22 80 37 17 75 13 15 86 47 08 38 40 04 85 93 47 29 68 15 14 72 58 46 70 71 60 02 94 54 33 11 76 14 47 93 88 60 08 75 08 16 13 47 19 98 40 66 28 09 80 42 81 38 87 51 10 48 52 04 03 85 14 78 98 61 71 86 21 79 62 28 94 74 75 14 73 15 79 02 24 60 43 05 98 31 56 09 79 09 13 81 94 26 60 92 87 32 79 09 12 41 37 06 15 12 20 88 27 98 89 51 59 33 56 57 63 12 65 42 21 77 24 15 04 84 07 91 17 85 01 28 27 37 34 42 49 53 30 76 52 20 27 11 52 82 68 16 94 34 57 15 12 81 30 15 65 37 07 82
22 07 10 48 44 43 89 93 95 20 70 48 39 96 58 91 79 27 07 74 60 64 88 71 46 19 86 11 55 93 92 77 99 03 26 44 45 16 38 41 35 08 88 74 05 47 66 83 73 73 57 34 37 46 05 82 64 91 93 20 84 86 96 84 88 22 29 34 37 66 75 72 73 63 47 78 11 13 62 83 86 19 18 23 65 22 06 30 13 98 49 96 85 46 81 74 67 10 08 05 75 82 77 49 46 25 27 56 38 88 40 24 08 57 47 73 79 52 03 92 51 52 89 36 97 70 10 65 79 18 70 55 99 48 04 46 72 31 02 11 20 42 34 27 98 80 01 78 32 04 70 83 55 59 19 53 30 29 19 09 46 88 63 46 37 67 91 10 97 93 20 17 35 54 44 34 34 44 12 66 47 82 49 03 42 68 55 71
96 74 80 43 63 44 88 99 11 80 09 09 73 29 26 08 82 70 42 17 15 54 82 62 37 32 64 78 99 20 50 96 93 31 39 56 74 27 56 85 07 64 93 80 93 20 88 75 89 30 91 04 84 74 65 21 06 29 98 06 49 49 02 42 79 40 98 54 67 54 39 74 19 33 54 12 52 43 87 41 72 79 45 56 53 10 76 59 39 75 64 87 24 66 30 04 07 29 57 73 82 95 48 02 28 03 14 80 45 01 22 18 79 66 73 33 75 50 91 15 26 56 03 49 23 32 53 29 61 10 02 44 05 50 45 33 52 58 14 96 58 35 14 38 01 87 71 76 38 63 90 63 19 93 13 41 26 65 69 86 74 71 30 79 21 74 13 73 33 26 69 90 60 83 29 61 70 99 37 08 62 28 71 81 21 83 23 47 49
92 33 24 63 62 03 84 37 15 57 69 40 27 60 01 10 88 61 80 88 98 88 51 26 59 32 47 43 55 93 91 47 26 15 11 88 18 94 26 33 52 94 73 79 55 73 88 44 34 69 32 32 57 83 58 16 15 06 59 69 98 51 17 25 65 27 14 83 22 39 16 73 34 88 53 89 62 41 33 95 10 65 28 67 48 86 83 63 91 42 32 90 92 48 15 58 75 29 41 96 67 57 70 02 46 23 90 08 64 24 04 73 88 32 41 36 18 24 98 09 65 31 99 58 79 14 17 54 42 58 50 10 15 20 12 60 42 02 68 07 26 71 79 14 03 21 49 20 44 48 29 10 78 28 68 57 42 84 12 84 42 62 93 57 81 06 18 24 08 85 30 33 56 10 46 58 31 95 78 74 43 08 84 22 36 52 79 77 36 90
61 78 52 55 35 34 61 53 58 68 38 88 01 94 98 46 52 29 42 31 04 84 39 87 06 74 39 84 51 75 75 13 54 28 68 88 61 29 42 20 96 79 08 97 73 06 44 26 35 85 57 38 69 95 25 75 69 64 60 21 39 35 33 93 63 01 81 24 30 24 43 26 03 51 23 75 57 66 02 91 52 58 30 21 53 55 96 23 19 56 43 58 91 75 51 54 76 33 78 06 56 22 32 58 73 55 34 30 22 36 22 73 93 52 94 47 07 90 69 25 47 12 82 39 87 34 92 63 67 71 69 23 92 02 81 65 56 16 95 78 51 18 51 45 69 46 92 75 37 62 99 84 73 82 23 60 17 16 24 83 86 93 06 79 94 87 45 50 03 40 28 54 58 79 99 27 26 91 02 62 53 02 46 27 83 69 87 99 84 12 83
71 05 88 51 98 76 95 48 78 36 76 33 93 56 32 20 82 24 21 45 77 22 91 04 06 60 91 06 45 03 88 16 07 77 66 06 53 62 54 32 97 30 64 91 86 96 11 69 21 32 14 97 54 05 02 60 64 93 65 09 96 54 25 03 31 90 08 83 53 61 16 50 91 80 41 78 76 52 47 97 83 60 95 38 64 97 97 29 90 62 38 86 17 62 89 47 53 97 31 06 59 46 56 51 26 97 29 03 49 76 01 33 37 95 70 02 92 68 30 83 31 67 70 47 30 60 93 82 57 24 88 17 70 44 67 95 41 96 98 90 72 98 23 09 94 93 10 87 61 40 70 91 08 41 38 37 02 31 20 59 55 08 75 25 51 42 21 92 38 20 82 10 18 06 19 12 98 29 98 59 68 69 51 75 11 88 13 12 20 32 70 75
39 45 99 90 87 21 83 25 40 65 35 58 71 54 70 69 82 68 29 51 38 79 27 48 68 39 60 87 70 30 62 10 75 62 01 62 83 83 87 24 49 23 81 20 76 51 89 58 20 18 10 57 97 36 06 65 74 65 53 45 95 16 54 70 77 55 33 61 38 20 84 87 42 65 07 18 17 95 76 36 14 85 93 11 21 98 75 95 64 28 40 59 44 94 30 22 49 62 82 87 81 66 74 24 32 81 42 48 77 19 83 90 05 77 01 26 75 76 21 40 05 61 98 48 55 28 69 05 90 51 92 72 18 66 95 49 48 38 97 25 56 81 16 60 58 16 86 34 92 07 73 96 67 71 45 23 99 14 27 89 65 19 62 83 85 57 32 33 95 30 58 51 11 73 12 69 89 97 03 81 05 75 78 71 47 23 94 47 36 21 37 02 39
98 84 25 56 17 58 51 46 17 03 57 89 15 26 79 13 28 60 18 04 38 89 51 61 83 97 96 04 35 98 43 33 82 67 89 99 26 41 45 42 44 03 32 58 28 11 71 56 70 88 59 09 77 11 69 60 09 66 64 43 64 07 76 47 74 65 46 99 07 91 42 50 93 73 09 21 83 79 77 54 68 37 63 45 47 33 06 55 98 69 98 63 76 74 11 51 40 57 51 46 48 92 96 42 65 05 63 49 84 40 04 52 76 66 97 24 98 04 78 97 73 76 60 49 51 71 99 90 28 51 37 76 43 33 18 09 38 80 58 22 21 61 74 97 27 71 21 25 75 99 22 48 76 82 97 27 54 96 18 81 48 54 58 90 87 75 99 25 56 57 46 77 18 21 74 44 92 94 69 67 94 91 15 70 74 12 97 28 09 15 10 56 68 67
47 55 43 46 80 99 04 27 76 21 47 50 65 39 45 35 06 40 26 21 10 01 32 07 28 41 21 38 97 89 06 44 45 48 90 26 48 93 52 24 14 98 74 79 38 20 14 43 59 39 64 69 39 96 76 67 37 96 05 34 86 11 77 32 59 67 57 07 61 09 31 74 08 06 53 45 25 67 88 84 06 52 53 45 48 29 13 85 26 18 19 13 28 96 45 86 64 02 92 25 11 24 99 18 29 53 63 53 20 51 38 26 04 91 70 52 21 83 37 47 01 55 59 28 52 04 15 16 06 08 41 16 31 40 34 59 92 96 13 13 48 50 38 51 41 09 04 61 91 40 08 91 95 67 20 47 71 34 63 76 41 04 91 71 44 25 31 37 22 43 49 69 93 87 21 34 95 24 95 86 64 04 78 59 71 97 07 42 32 69 18 72 73 10 44
17 35 74 53 56 18 03 26 11 89 46 45 84 70 40 71 34 44 50 92 15 47 98 56 78 68 74 51 41 83 94 57 18 69 11 74 86 13 99 96 03 46 42 87 16 81 58 49 26 08 42 40 55 41 96 33 09 70 84 49 54 78 07 72 47 17 46 34 30 46 31 32 91 72 19 08 54 77 57 79 85 98 19 40 40 15 73 48 85 57 97 39 36 05 11 83 21 56 17 51 03 47 83 93 19 03 01 73 80 57 52 65 56 71 06 95 86 78 44 71 36 41 10 71 45 21 54 66 77 70 18 79 18 02 72 37 04 73 10 83 30 61 49 86 32 54 81 18 32 25 89 67 66 99 39 12 20 92 77 96 63 95 76 80 96 48 18 99 22 27 83 52 88 33 38 21 86 20 39 19 45 29 86 11 28 25 22 47 17 99 44 80 95 21 61 91
68 78 91 90 06 74 42 94 07 79 15 93 98 54 12 44 82 97 54 11 22 76 58 39 76 03 19 71 23 79 62 91 58 53 81 63 28 23 57 35 03 72 29 02 27 40 45 10 38 99 20 60 75 77 98 52 79 18 23 02 97 85 93 55 39 74 19 66 97 76 02 99 49 30 02 75 70 46 85 08 46 05 67 21 82 66 72 62 84 95 64 82 80 57 38 19 31 56 85 29 32 87 28 81 18 30 56 87 75 42 95 21 46 63 42 29 30 15 91 15 11 55 96 90 13 34 10 44 89 95 72 22 83 01 03 01 30 59 87 06 01 83 27 47 46 69 76 75 83 67 89 94 23 86 84 36 20 94 79 10 90 52 32 73 52 35 73 82 93 61 87 94 44 14 42 90 82 19 66 66 85 56 60 09 42 45 44 61 40 24 71 30 75 03 03 28 37
76 10 31 37 96 26 81 11 67 71 92 85 37 59 71 92 19 80 35 64 25 96 04 48 67 33 24 70 35 52 07 12 61 38 48 58 63 29 69 31 01 62 17 38 21 88 31 39 68 65 03 92 61 07 41 29 39 65 98 74 17 05 85 78 42 34 37 06 63 06 36 63 67 52 01 87 40 32 27 09 96 30 02 58 36 43 86 75 09 84 49 26 89 35 04 32 68 41 37 31 46 73 94 14 25 95 02 65 27 28 74 24 58 76 81 94 19 67 69 27 52 19 52 41 54 56 72 22 96 10 53 43 82 47 56 08 43 57 72 69 85 47 93 44 23 74 39 41 42 08 68 93 27 21 35 80 76 07 03 73 16 55 16 97 03 71 05 46 29 77 16 15 25 09 58 47 83 96 88 25 05 56 19 32 77 53 12 53 60 15 26 75 70 41 73 73 13 78
19 42 56 34 56 80 43 14 27 26 11 16 50 15 72 69 46 49 22 58 02 81 73 28 57 43 69 31 16 82 09 35 24 64 69 79 44 12 92 71 37 04 86 87 18 59 56 64 08 78 23 10 59 95 38 17 39 07 47 55 88 55 89 12 20 58 91 64 69 84 35 07 87 22 93 05 80 49 69 88 27 91 97 86 87 35 04 27 42 50 81 30 06 71 42 25 30 33 88 99 17 24 06 04 45 98 09 26 48 78 14 75 70 12 62 57 46 65 83 87 16 65 18 22 37 60 46 66 93 35 65 11 59 71 15 05 70 23 30 18 02 44 93 71 55 56 28 02 22 12 89 37 77 08 59 14 67 06 79 61 40 45 71 99 16 85 04 85 09 34 04 10 77 97 80 33 53 09 34 74 21 23 12 97 30 70 11 97 75 90 58 16 35 29 16 50 15 19 36
24 52 39 33 30 37 14 62 89 22 95 64 42 19 76 40 49 47 50 46 23 40 04 39 75 33 54 26 48 72 61 71 25 01 05 55 37 18 17 27 40 13 90 82 31 67 23 79 14 72 26 36 13 30 75 87 62 29 14 10 02 74 81 26 75 85 81 12 04 97 39 44 11 30 27 42 96 49 22 11 22 47 47 35 76 22 23 39 50 36 49 52 10 30 77 84 16 59 96 20 56 35 64 67 64 90 09 61 40 30 71 61 77 18 95 53 39 18 92 89 53 41 41 63 71 19 48 87 77 44 07 34 78 70 01 43 61 09 04 01 39 75 62 16 92 57 69 32 75 61 21 29 03 62 91 73 80 39 60 58 83 67 91 62 38 92 06 98 01 09 99 40 83 61 55 76 19 25 08 94 86 29 23 88 90 15 62 71 54 23 29 37 89 21 99 27 13 05 26 14
